"ID","Description","GeneRatio","BgRatio","RichFactor","FoldEnrichment","zScore","pvalue","p.adjust","qvalue","geneID","Count","n_up","n_down","dominant_direction"
"GO:0062023","collagen-containing extracellular matrix","166/3383","432/19880",0.384259259259259,2.25807687675852,11.971742284107,6.89422719826357e-27,4.62602645003486e-24,3.92608096237957e-24,"ESM1/GPC3/MDK/FCN2/FCN3/CFP/ECM1/LAMC1/COL15A1/CTHRC1/MMP9/THBS4/ANXA2P2/ANGPTL6/CDH13/PLOD3/S100A10/COL2A1/ANXA2/COCH/LAMA4/BCAN/PKM/COL25A1/MATN3/LOX/COL11A1/COL6A6/LOXL2/CSTB/ACAN/COL4A1/CXCL12/EDIL3/LAMA3/COL24A1/PZP/SULF1/COLEC12/SPOCK1/SERPING1/ANG/COL1A1/COMP/COL4A2/COL8A1/ITIH4/HPX/COL9A1/CSPG4/PDGFB/COL5A2/MARCO/ZP3/ADAMDEC1/GPC2/SERPINH1/AZGP1/POSTN/A2M/VCAN/NTN4/COL7A1/APLP1/COL1A2/SERPINF2/ZG16/LAMB4/F9/FGB/SPARC/EGFL6/IGFBPL1/SERPINE2/MFAP2/F13A1/PLG/ANGPTL1/KAZALD1/APOA1/COL22A1/CCDC80/VWF/CCN3/MFGE8/SRPX/MST1/ADAMTS9/FGA/BCAM/SERPINB8/APOH/LGALS3/P3H2/S100A6/ANGPTL3/FGG/LAMB3/SFRP1/APOC3/ANGPTL4/SPARCL1/ORM2/PODNL1/COL21A1/COL4A5/COL9A2/AMBP/LOXL4/ADAMTS20/A1BG/LRRC15/TINAG/ORM1/ITGB4/CLEC3B/TGFB2/ITIH1/MMRN1/LTBP2/HAPLN4/FREM2/RTBDN/DPT/COL4A6/DCN/GDF10/ENTPD2/SPP2/HAPLN1/S100A9/MGP/F12/DEFA1B/NCAM1/MFAP4/LGALS4/COL6A3/DEFA1/COL3A1/S100A4/THBS2/COL5A1/APCS/MFAP5/USH2A/ADAMTS3/COL5A3/WNT5A/BMP7/SMOC2/COL16A1/MMP28/COL17A1/FBLN1/CBLN1/FIBCD1/FRAS1/EFEMP1/GPC5/HRG/PF4/FREM3/SFRP2/LMAN1L/NDP",166,109,57,"UP"
"GO:0097060","synaptic membrane","141/3383","452/19880",0.311946902654867,1.83313757752845,8.11367619630772,5.38837549719592e-14,1.80779997930923e-11,1.53426902314894e-11,"GABRD/CHRM4/DNAJC6/NRCAM/CSPG5/FBXO45/RAP2A/PDE2A/GPM6A/ELFN2/ASIC1/DBN1/NETO2/GPHN/CACNG4/CSMD2/UNC13A/SLC6A9/GPR158/DGKI/GNAO1/CHRM3/SYNE1/GABRQ/EFNB3/CHRNA5/NECTIN1/DAGLA/PLPPR4/GABRE/ACTN2/ADAM23/ADGRB3/DMD/RIMS2/ACP4/SYP/PRR7/PCDH17/ERC2/KCND3/LRP4/CHRNA1/LRP8/HTR2A/ADAM22/LRRC4/DLG2/GABRA3/EPHB2/SEMA4F/SUSD4/TIAM1/IL1RAPL1/CHRNA3/ADGRL1/APBA1/LRRTM3/ANK3/CHRNB4/LHFPL4/IL31RA/KCNC1/GRIA2/GABRA2/ADCY1/CNR1/SLC5A7/KCNJ11/PCDH9/KCNJ8/NRXN3/GABRR3/HTR1B/CHRM2/SNAP25/GRIN1/SLC6A3/NCAM2/CHRFAM7A/LRRC4C/HTR3B/GRIK4/PCDHB13/GRM5/CDH9/GABBR2/CHRND/SLC6A2/TMEM108/SLC6A7/ABCC8/GRIN2D/CACNG8/CHRNA7/SORCS3/KCNA3/SLITRK5/CACNA2D3/ADORA1/DDN/GRIN2B/LRFN2/GRIK2/CPLX3/SLC1A2/GRIA4/GRIK3/GABRR1/DRD1/CNTNAP4/OPRD1/CDH8/CBLN1/ANK1/LRFN5/PDLIM4/GRIN2A/ADCY8/CHRNA4/GABRB1/NRXN1/KCNK2/NLGN1/GABRA5/SHC4/SLC1A7/OTOF/DCC/LRRTM1/GLRA3/HTR3A/CHRNA6/SYNDIG1/GABRB2/NETO1/GABRG3/GABRG2/SLITRK3/SNAP91/GRID2",141,107,34,"UP"
"GO:0000786","nucleosome","59/3383","135/19880",0.437037037037037,2.56822237549403,8.27926416682306,3.21302729781974e-13,7.18647105612348e-11,6.09911497586132e-11,"CENPA/VPS72/H2AX/H2AZ1/H2AC13/H3C2/H4C14/H4C15/H3C15/H3C14/H2AC17/H2AC12/H4C8/H2BC11/H3C3/H2BC8/H1-5/H2BC17/H3C10/H2AC19/H2AC18/H3C4/H2BC18/H3C13/H2BC15/H2AC7/H2BC7/H2AC4/H2AC16/H1-4/H4C4/H4C1/H4C5/H2AC11/H2BC21/H2AC20/H2AC8/H2BC9/H4C9/H2BC13/H3C11/H2BC6/H2AC15/H3C8/H1-2/H2AC25/H3C1/H3C12/H2BC3/H1-1/H3C7/H1-6/H2BC26/H4C2/H1-3/H2BC10/H2BC14/H4C13/TNP1",59,59,0,"UP"
"GO:0032993","protein-DNA complex","85/3383","240/19880",0.354166666666667,2.08123953098827,7.63137110205802,3.92113227992189e-12,6.57769939956897e-10,5.58245411430985e-10,"CENPA/GINS1/MCM4/MCM3/VPS72/CDC45/PRIM2/MCM2/MCM6/H2AX/GINS4/HMGA2/PRKDC/MCM7/TERT/H2AZ1/H2AC13/POLD1/H3C2/TONSL/H4C14/MCM5/H4C15/GINS3/PCNA/FOS/H3C15/PRIM1/H3C14/H2AC17/H2AC12/H4C8/GINS2/H2BC11/H3C3/H2BC8/H1-5/H2BC17/H3C10/H2AC19/H2AC18/H3C4/H2BC18/H3C13/H2BC15/H2AC7/H2BC7/H2AC4/H2AC16/H1-4/H4C4/H4C1/H4C5/H2AC11/LEF1/H2BC21/H2AC20/H2AC8/H2BC9/H4C9/H2BC13/NUPR1/H3C11/H2BC6/H2AC15/H3C8/H1-2/H2AC25/HOXA11/H3C1/H3C12/RAG1/H2BC3/H1-1/H3C7/H1-6/H2BC26/H4C2/H1-3/H2BC10/H2BC14/EYA1/H4C13/ST18/TNP1",85,83,2,"UP"
"GO:0045211","postsynaptic membrane","104/3383","321/19880",0.32398753894081,1.90389366661049,7.39336785268428,9.09827786727536e-12,1.22098888978835e-09,1.03624596340968e-09,"GABRD/CHRM4/NRCAM/CSPG5/FBXO45/ELFN2/ASIC1/DBN1/NETO2/GPHN/CACNG4/CSMD2/SLC6A9/GPR158/GNAO1/CHRM3/SYNE1/GABRQ/EFNB3/CHRNA5/DAGLA/PLPPR4/GABRE/ACTN2/ADGRB3/DMD/ACP4/PRR7/PCDH17/KCND3/CHRNA1/LRP8/HTR2A/ADAM22/LRRC4/DLG2/GABRA3/EPHB2/SEMA4F/SUSD4/TIAM1/IL1RAPL1/CHRNA3/LRRTM3/ANK3/CHRNB4/LHFPL4/KCNC1/GRIA2/GABRA2/ADCY1/GABRR3/CHRM2/GRIN1/SLC6A3/CHRFAM7A/LRRC4C/HTR3B/GRIK4/PCDHB13/GRM5/CDH9/GABBR2/CHRND/TMEM108/GRIN2D/CACNG8/CHRNA7/SORCS3/KCNA3/SLITRK5/ADORA1/DDN/GRIN2B/LRFN2/GRIK2/GRIA4/GRIK3/GABRR1/DRD1/OPRD1/CBLN1/ANK1/LRFN5/PDLIM4/GRIN2A/CHRNA4/GABRB1/KCNK2/NLGN1/GABRA5/SHC4/DCC/LRRTM1/GLRA3/HTR3A/CHRNA6/SYNDIG1/GABRB2/NETO1/GABRG3/GABRG2/SLITRK3/GRID2",104,80,24,"UP"
"GO:0005581","collagen trimer","40/3383","86/19880",0.465116279069767,2.7332283854292,7.29430660316973,2.0131729303895e-10,2.25139839381893e-08,1.91074834270302e-08,"FCN2/FCN3/COL15A1/CTHRC1/COLEC10/COL2A1/C1QL1/CCBE1/COL25A1/LOX/COL11A1/COL6A6/COL4A1/GLDN/COL24A1/COLEC12/COL1A1/COL4A2/COL8A1/COL9A1/COL5A2/MARCO/C1QL4/COLEC11/COL7A1/COL1A2/COL22A1/MBL2/COL21A1/COL4A5/COL9A2/COL4A6/C1QTNF1/COL6A3/COL3A1/COL5A1/COL5A3/COL16A1/COL17A1/C1QTNF8",40,30,10,"UP"
"GO:0034702","monoatomic ion channel complex","108/3383","361/19880",0.299168975069252,1.75804883960294,6.5821501451629,7.35124954197227e-10,7.04669777523342e-08,5.9804902288827e-08,"GABRD/SLC26A6/SESTD1/LRRC55/TRPC6/CLIC1/PACC1/KCNE5/KCNJ5/CACNG4/ASPH/CLCNKA/GABRQ/KCNU1/CHRNA5/SCN4A/GABRE/KCNF1/STX1A/CACNA1E/KCND3/KCNE3/CHRNA1/CACNB2/DLG2/ANO2/KCNK17/GABRA3/KCNH4/CHRNA3/LRRC26/KCNQ3/KCNH6/CHRNB4/ABCC9/HCN2/CACNB4/KCNH2/KCNE1/KCNC1/GRIA2/GABRA2/KCNJ11/CNGA1/KCNJ8/GABRR3/SNAP25/GRIN1/CLCNKB/CATSPER1/CLCN1/KCNJ6/CLDN4/SCN4B/CHRFAM7A/CACNA1G/KCNJ10/CATSPERZ/SLC17A8/TRPC7/HTR3B/GRIK4/CHRND/CLIC5/CACNA1I/RYR2/ABCC8/GRIN2D/CACNG8/CHRNA7/KCNA3/CFTR/CACNA2D3/KCNJ15/KCNJ16/KCNN1/GRIN2B/GRIK2/TRPV5/KCNG3/GRIA4/SCN7A/GRIK3/GABRR1/KCNE4/CASQ2/GRIN2A/TRPM5/CHRNA4/GABRB1/KCNK2/GABRA5/OLFM3/CACNA1S/CLIC6/GLRA3/HTR3A/CHRNA6/GABRB2/KCNG1/GABRG3/KCNH5/LRRC52/CNGB3/GABRG2/KCNV1/BEST3/GRID2",108,87,21,"UP"
"GO:0099634","postsynaptic specialization membrane","58/3383","156/19880",0.371794871794872,2.18483063886552,6.7277037137207,1.20663377697105e-09,9.54888668468091e-08,8.10408298127284e-08,"NRCAM/ELFN2/ASIC1/NETO2/GPHN/CACNG4/CSMD2/GPR158/EFNB3/DAGLA/PLPPR4/ACTN2/ADGRB3/PRR7/KCND3/CHRNA1/LRP8/ADAM22/LRRC4/DLG2/SEMA4F/TIAM1/LRRTM3/CHRNB4/GRIA2/GABRA2/ADCY1/GRIN1/CHRFAM7A/LRRC4C/GRIK4/GRM5/CHRND/TMEM108/GRIN2D/CACNG8/SORCS3/SLITRK5/GRIN2B/LRFN2/GRIK2/GRIA4/GRIK3/OPRD1/LRFN5/GRIN2A/GABRB1/KCNK2/NLGN1/GABRA5/DCC/LRRTM1/SYNDIG1/GABRB2/NETO1/GABRG2/SLITRK3/GRID2",58,43,15,"UP"
"GO:0016324","apical plasma membrane","119/3383","413/19880",0.288135593220339,1.69321182182097,6.44669687933296,1.2807746670958e-09,9.54888668468091e-08,8.10408298127284e-08,"ASPM/PTH1R/SLC26A6/CD34/THY1/SLC2A5/SAPCD2/MYO1A/MIP/SLC6A8/UPK3A/ABCB5/KIAA1614/CA12/ABCC4/SLC26A2/PODXL/DUOX1/ATP6V0D2/SLC9B2/SLC2A1/SLC6A9/SLC23A2/PDZK1IP1/SLC22A12/CYP4A11/CDHR2/CSPG4/STK39/CRIPTO/AQP10/STC1/FZD6/MUC13/SLC22A11/ADGRG2/NAALADL1/SLC16A3/SLC4A11/SPTBN2/CYP4F2/MPP3/SLC22A3/SLC5A1/PLET1/SLC34A3/CEACAM20/AJM1/FXYD1/ATP1B3/TRPV4/GJA1/MGAM/SLC22A1/DUOX2/SLC5A11/RAB17/SLC34A1/SLC7A1/GJB6/KCNE1/SLC39A4/CTSK/ATP6V1B1/SLC26A3/LRRC15/SLC52A3/CYP4F12/PDPN/PKHD1/SLC24A4/UPK1A/MUC1/SLC38A1/TEK/LRP2/SLC6A14/SLC2A9/AQP8/SLC26A7/GP2/SLC17A1/CLDN4/SLC1A1/CHRFAM7A/KISS1/SLC4A10/TF/IGSF5/ABCG2/SLC29A4/SLC17A2/CLIC5/SLC28A1/SLC12A1/EPCAM/CFTR/PAPPA2/USH2A/OTOG/CRB1/TRPV5/TRPM6/CEACAM6/SLC26A9/RHCG/ATP4A/KCNE4/ADCY8/SLC6A20/DPEP1/KCNK2/NPC1L1/AJAP1/SLC22A8/FRMD1/SLC9A2/NRG1/SLC6A18",119,82,37,"UP"
"GO:0071162","CMG complex","11/3383","11/19880",1,5.87644102867278,7.32583432607482,3.41881463319842e-09,2.29402461887614e-07,1.94692496480036e-07,"GINS1/MCM4/MCM3/CDC45/MCM2/MCM6/GINS4/MCM7/MCM5/GINS3/GINS2",11,11,0,"UP"
"GO:0072562","blood microparticle","54/3383","145/19880",0.372413793103448,2.18846769343676,6.50427050762461,4.1469567693971e-09,2.52964362933223e-07,2.14689340884577e-07,"FCN2/FCN3/C1RL/C1R/YWHAZ/CD5L/CLIC1/C8A/SLC2A1/PZP/ALB/SERPING1/HP/ITIH4/C1S/HPX/HBA1/HPR/CIB2/HBA2/A2M/C9/POTEE/SERPINF2/TFRC/AFM/HBB/FGB/ACSM1/F13A1/PLG/HBD/POTEF/APOA1/FGA/CP/ACTG2/FGG/BCHE/CFHR3/ANGPTL4/ORM2/AMBP/A1BG/ORM1/GC/ITIH1/PON1/TF/APCS/HRG/HBG2/JCHAIN/HBE1",54,11,43,"DOWN"
"GO:0009925","basal plasma membrane","90/3383","298/19880",0.302013422818792,1.77476406906225,6.10231832754339,1.13868417223068e-08,6.36714232972323e-07,5.40375558927016e-07,"PTH1R/AURKA/SLC26A6/CD34/EPPK1/MYO1A/ANXA2/ITGA9/CA12/ABCC4/BSG/SLC9B2/SLC2A1/PLPP3/SLC6A9/SLC23A2/TSHR/CLCNKA/CD1D/CHRM3/AQP3/PDGFB/STK39/SLC6A13/SLC41A1/AQP10/AQP7/SLC22A11/TFRC/ADAM9/SLC16A3/SLC51B/SLC4A11/VSIG1/CA9/SLC22A3/SLCO6A1/ABCA8/DLG2/SLC1A3/SLC6A12/SLC4A4/SLC27A5/SLC1A5/ATP1B3/CLDN19/ANK3/SLC22A1/RAB17/LDLR/SLC7A1/SLC39A5/ATP6V1B1/SLC10A1/ITGB4/PDPN/SLC38A1/TEK/SLC2A9/AQP8/SLC26A7/CLCNKB/CLDN4/KCNJ10/SLC4A10/TF/SLC14A1/SLC29A4/CDH17/SLCO1B3-SLCO1B7/SLCO2A1/SLCO1B3/ST14/RHBG/EPCAM/ADORA1/SLCO1B1/KCNJ16/RHCG/ANK1/ADCY8/PLEKHG4B/SLCO1B7/AJAP1/SLC22A8/OTOF/SLCO4C1/SLC8A2/BSND/CDH16",90,54,36,"UP"
"GO:0045177","apical part of cell","130/3383","479/19880",0.271398747390397,1.59485873429533,5.96781456601139,1.3352338950975e-08,6.89186110469557e-07,5.84908127326113e-07,"ASPM/PTH1R/SLC7A11/TUBG1/SLC26A6/CD34/ATP6V1C1/THY1/SLC2A5/SAPCD2/MYO1A/MIP/SLC6A8/UPK3A/ABCB5/KIAA1614/CA12/ABCC4/SLC26A2/PODXL/DUOX1/ATP6V0D2/SLC9B2/SLC2A1/SLC6A9/EPB41L4B/SLC23A2/PDZK1IP1/SLC22A12/CYP4A11/FAP/CDHR2/CSPG4/STK39/CRIPTO/AQP10/STC1/FZD6/MUC13/SLC22A11/ADGRG2/NAALADL1/SLC16A3/SLC4A11/SPTBN2/CYP4F2/MPP3/SLC22A3/SLC5A1/PLET1/SLC34A3/CEACAM20/CA2/AJM1/FXYD1/ATP1B3/TRPV4/DUOXA2/GJA1/MGAM/SLC22A1/DUOX2/SLC5A11/RAB17/LDLR/SLC34A1/SLC7A1/GJB6/KCNE1/SLC39A4/CTSK/ATP6V1B1/SLC26A3/LRRC15/SLC52A3/CYP4F12/PDPN/PKHD1/SLC24A4/UPK1A/MUC1/SLC38A1/TEK/LRP2/SLC6A14/SLC2A9/AQP8/SLC26A7/GP2/SLC17A1/CLDN4/SLC1A1/CHRFAM7A/KISS1/SLC4A10/TF/IGSF5/ABCG2/SLC29A4/SLC17A2/CLIC5/SLC28A1/SLC12A1/EPCAM/FABP1/CFTR/PAPPA2/USH2A/OTOG/CRB1/TRPV5/TRPM6/CEACAM6/SLC26A9/RHCG/CHL1/ATP4A/KCNE4/USH1C/ADCY8/SLC6A20/DPEP1/KCNK2/NPC1L1/AJAP1/SLC22A8/FRMD1/SLC9A2/NRG1/SLC6A18",130,89,41,"UP"
"GO:0000940","outer kinetochore","15/3383","20/19880",0.75,4.40733077150458,6.90375625434545,1.85020568097728e-08,8.86777151382684e-07,7.52602461209557e-07,"CENPF/CCNB1/NUF2/BUB1B/SPC24/NDC80/BUB1/SKA1/ZWINT/SPC25/SKA3/SPDL1/PLK1/DSN1/KNL1",15,15,0,"UP"
"GO:0045178","basal part of cell","93/3383","317/19880",0.293375394321767,1.72400320399548,5.88434557947057,3.11991105068483e-08,1.39564021000635e-06,1.18447149362841e-06,"PTH1R/AURKA/SLC26A6/CD34/EPPK1/MYO1A/ANXA2/ITGA9/CA12/ABCC4/BSG/SLC9B2/SLC2A1/PLPP3/SLC6A9/ITGA2/SLC23A2/TSHR/CLCNKA/CD1D/CHRM3/FAP/AQP3/PDGFB/STK39/SLC6A13/SLC41A1/AQP10/AQP7/SLC22A11/TFRC/KCNE3/ADAM9/SLC16A3/SLC51B/SLC4A11/VSIG1/CA9/SLC22A3/SLCO6A1/ABCA8/DLG2/SLC1A3/SLC6A12/SLC4A4/SLC27A5/SLC1A5/ATP1B3/CLDN19/ANK3/SLC22A1/RAB17/LDLR/SLC7A1/SLC39A5/ATP6V1B1/SLC10A1/ITGB4/PDPN/SLC38A1/TEK/SLC2A9/AQP8/SLC26A7/CLCNKB/CLDN4/KCNJ10/SLC4A10/TF/SLC14A1/SLC29A4/CDH17/SLCO1B3-SLCO1B7/SLCO2A1/SLCO1B3/ST14/RHBG/EPCAM/ADORA1/SLCO1B1/KCNJ16/RHCG/ANK1/ADCY8/PLEKHG4B/SLCO1B7/AJAP1/SLC22A8/OTOF/SLCO4C1/SLC8A2/BSND/CDH16",93,57,36,"UP"
"GO:0005788","endoplasmic reticulum lumen","92/3383","315/19880",0.292063492063492,1.71629388773935,5.80299738140868,4.66332547114823e-08,1.95568211946279e-06,1.65977571045473e-06,"GPC3/ADAMTS13/STC2/CFP/LAMC1/AFP/COL15A1/SPP1/BPIFB2/P4HA2/PLOD3/COL2A1/RDH5/CKAP4/IGFBP3/COL25A1/MATN3/COL11A1/PDIA2/COL4A1/COL24A1/WFS1/ALB/SERPING1/TMEM132A/ASPH/PDGFA/COL1A1/CD4/COL4A2/COL8A1/COL9A1/PDGFB/COL5A2/SERPINH1/VCAN/INS/PROZ/COL7A1/COL1A2/SCG2/F9/APOA5/SELENOM/APOA1/COL22A1/MELTF/VGF/LIPC/SLC27A2/BMP4/GPX7/MFGE8/TSPAN15/FGA/CP/WNT3A/P3H2/FGG/DMP1/BCHE/SPARCL1/COL21A1/COL4A5/COL9A2/FKBP10/GPX8/IGFBP1/GOLM1/IL27/CERCAM/COL4A6/FMO1/SPP2/TF/FLT3/TSPAN5/COL6A3/COL3A1/COL5A1/COL5A3/WNT5A/COL16A1/COL17A1/CASQ2/WNT7A/CHGB/FGF23/WNT6/NOTUM/MEPE/TRDN",92,65,27,"UP"
"GO:0005604","basement membrane","39/3383","97/19880",0.402061855670103,2.36269278472411,6.09233150212815,5.24691409285227e-08,2.07098785664934e-06,1.75763499952512e-06,"LAMC1/COL15A1/THBS4/ANXA2P2/COL2A1/ANXA2/LAMA4/LOXL2/COL4A1/LAMA3/COL24A1/ANG/COL4A2/COL8A1/NTN4/COL7A1/APLP1/LAMB4/SPARC/EGFL6/COL22A1/CCDC80/P3H2/LAMB3/COL4A5/TINAG/ITGB4/FREM2/COL4A6/ENTPD2/THBS2/COL5A1/USH2A/SMOC2/COL16A1/COL17A1/FBLN1/FRAS1/FREM3",39,33,6,"UP"
"GO:0016323","basolateral plasma membrane","80/3383","264/19880",0.303030303030303,1.78073970565842,5.78294127565149,6.195562419822e-08,2.30956799094476e-06,1.96011653165129e-06,"PTH1R/AURKA/SLC26A6/EPPK1/MYO1A/ANXA2/CA12/ABCC4/BSG/SLC9B2/SLC2A1/PLPP3/SLC6A9/SLC23A2/TSHR/CLCNKA/CD1D/CHRM3/AQP3/PDGFB/STK39/SLC6A13/SLC41A1/AQP10/AQP7/TFRC/ADAM9/SLC16A3/SLC51B/SLC4A11/VSIG1/CA9/SLC22A3/SLCO6A1/ABCA8/DLG2/SLC6A12/SLC4A4/ATP1B3/CLDN19/ANK3/SLC22A1/RAB17/LDLR/SLC7A1/SLC39A5/ATP6V1B1/SLC10A1/PDPN/SLC38A1/TEK/SLC2A9/AQP8/SLC26A7/CLCNKB/KCNJ10/SLC4A10/SLC14A1/SLC29A4/CDH17/SLCO1B3-SLCO1B7/SLCO2A1/SLCO1B3/ST14/RHBG/EPCAM/ADORA1/SLCO1B1/KCNJ16/RHCG/ANK1/ADCY8/SLCO1B7/AJAP1/SLC22A8/OTOF/SLCO4C1/SLC8A2/BSND/CDH16",80,47,33,"UP"
"GO:0031261","DNA replication preinitiation complex","11/3383","13/19880",0.846153846153846,4.97237317810773,6.48785820543523,1.90194489071164e-07,6.71686853509215e-06,5.70056612673127e-06,"GINS1/MCM4/MCM3/CDC45/MCM2/MCM6/GINS4/MCM7/MCM5/GINS3/GINS2",11,11,0,"UP"
"GO:0034707","chloride channel complex","26/3383","56/19880",0.464285714285714,2.72834762045522,5.86509760081836,3.05370827868986e-07,1.02451912750045e-05,8.69503251984849e-06,"GABRD/SLC26A6/CLIC1/PACC1/CLCNKA/GABRQ/GABRE/ANO2/GABRA3/GABRA2/GABRR3/CLCNKB/CLCN1/CLDN4/SLC17A8/CLIC5/CFTR/GABRR1/GABRB1/GABRA5/CLIC6/GLRA3/GABRB2/GABRG3/GABRG2/BEST3",26,22,4,"UP"
"GO:0098839","postsynaptic density membrane","45/3383","126/19880",0.357142857142857,2.09872893881171,5.60265770102505,3.23323334397304e-07,1.03309503514567e-05,8.76781573478403e-06,"NRCAM/ELFN2/ASIC1/NETO2/CACNG4/CSMD2/GPR158/EFNB3/DAGLA/PLPPR4/ACTN2/ADGRB3/PRR7/LRP8/ADAM22/LRRC4/DLG2/SEMA4F/TIAM1/LRRTM3/GRIA2/ADCY1/GRIN1/LRRC4C/GRIK4/GRM5/TMEM108/GRIN2D/CACNG8/SORCS3/SLITRK5/GRIN2B/LRFN2/GRIK2/GRIA4/GRIK3/OPRD1/LRFN5/GRIN2A/KCNK2/DCC/SYNDIG1/NETO1/SLITRK3/GRID2",45,34,11,"UP"
"GO:0043505","CENP-A containing nucleosome","13/3383","18/19880",0.722222222222222,4.24409629848589,6.23539944169186,3.58631229403796e-07,1.04626763013021e-05,8.87961076006654e-06,"CENPA/H4C14/H4C15/H4C8/H2BC11/H2AC4/H4C4/H4C1/H4C5/H2AC8/H4C9/H4C2/H4C13",13,13,0,"UP"
"GO:0061638","CENP-A containing chromatin","13/3383","18/19880",0.722222222222222,4.24409629848589,6.23539944169186,3.58631229403796e-07,1.04626763013021e-05,8.87961076006654e-06,"CENPA/H4C14/H4C15/H4C8/H2BC11/H2AC4/H4C4/H4C1/H4C5/H2AC8/H4C9/H4C2/H4C13",13,13,0,"UP"
"GO:0098644","complex of collagen trimers","14/3383","21/19880",0.666666666666667,3.91762735244852,6.05768323634012,5.83144305367607e-07,1.63037428709027e-05,1.383688900017e-05,"COL2A1/COL11A1/COL4A1/COL1A1/COL4A2/COL8A1/COL5A2/COL7A1/COL1A2/COL4A5/COL4A6/COL3A1/COL5A1/COL5A3",14,14,0,"UP"
"GO:0000775","chromosome, centromeric region","77/3383","265/19880",0.290566037735849,1.70749418568983,5.25046096935757,7.04006391272919e-07,1.88955315417652e-05,1.60365245338379e-05,"CENPF/CCNB1/NUF2/TOP2A/CDCA5/BIRC5/NEK2/CENPI/CDCA8/BUB1B/SPC24/CDC20/NDC80/NCAPG/HJURP/KIF2C/BUB1/CENPL/SKA1/CENPA/KIF18A/TTK/DSCC1/ZWINT/EZH2/CENPW/AURKB/SGO2/CENPM/SPC25/AURKA/SKA3/SPDL1/CDT1/PLK1/MAD2L1/MTBP/CENPE/HELLS/SGO1/INCENP/CENPH/ESCO2/CENPU/SMC4/ERCC6L/CENPK/CBX1/DSN1/ZWILCH/KNTC1/NCAPD2/H4C14/SUV39H2/H4C15/KNSTRN/RAD21/KNL1/SPAG5/OIP5/CENPQ/H4C8/ITGB3BP/DYNC1I1/H2BC11/SMC1B/H2AC4/H4C4/H4C1/H4C5/H2AC8/H4C9/PKHD1/H4C2/PLK5/MEIKIN/H4C13",77,76,1,"UP"
"GO:0034506","chromosome, centromeric core domain","13/3383","19/19880",0.684210526315789,4.0207228090919,5.96530835976823,9.57638880757444e-07,2.4714449576471e-05,2.09750054449303e-05,"CENPA/H4C14/H4C15/H4C8/H2BC11/H2AC4/H4C4/H4C1/H4C5/H2AC8/H4C9/H4C2/H4C13",13,13,0,"UP"
"GO:0098687","chromosomal region","107/3383","408/19880",0.262254901960784,1.54112546585291,5.00113470473927,1.49774547643562e-06,3.72217486921594e-05,3.15898753509424e-05,"CENPF/CCNB1/NUF2/TOP2A/CDCA5/BIRC5/NEK2/CENPI/CDCA8/BUB1B/CDK1/SPC24/CDC20/NDC80/NCAPG/HJURP/KIF2C/BUB1/CENPL/SKA1/CENPA/KIF18A/TTK/MCM4/MCM3/DSCC1/ZWINT/EZH2/CENPW/ORC1/FEN1/AURKB/SGO2/RAD51AP1/CENPM/SPC25/AURKA/SKA3/SPDL1/CDT1/PLK1/MSH2/MCM2/MAD2L1/MTBP/MCM6/CHEK1/CENPE/HELLS/H2AX/SGO1/INCENP/CENPH/NSMCE2/ESCO2/CENPU/SMC4/BLM/PRKDC/ERCC6L/MCM7/CENPK/RAD51/TERT/NABP2/CBX1/RECQL4/PIF1/DSN1/ZWILCH/POLD1/KNTC1/NCAPD2/H4C14/SUV39H2/MCM5/H4C15/PCNA/KNSTRN/RAD21/KNL1/SPAG5/OIP5/ALYREF/CENPQ/H4C8/ITGB3BP/DYNC1I1/H2BC11/SMC1B/DMC1/H2AC4/H4C4/H4C1/H4C5/H2AC8/H4C9/TERB2/H2BC3/PKHD1/KASH5/TERC/NLRP2/H4C2/PLK5/MEIKIN/H4C13",107,105,2,"UP"
"GO:0009897","external side of plasma membrane","104/3383","401/19880",0.259351620947631,1.52406450618945,4.80086377386073,3.58568447080976e-06,8.59283671397625e-05,7.29268909288752e-05,"STAB2/ITGA6/FCN2/FCN3/CLEC4G/CD34/COLEC10/LIFR/CLEC4M/CDH13/THY1/NRCAM/GHR/CD244/KLRD1/ITGA9/ABCC4/CXCL12/CD24/ITGA2/CD1D/PLAU/CD4/ITGAD/ADGRE1/MICB/MCAM/CD14/AZGP1/FCRL6/TNFRSF4/SLC22A11/COLEC11/TFRC/ADGRA3/PRND/ADAM9/FGB/PLG/ITGA11/PLET1/MBL2/MFGE8/FGA/BCAM/LDLR/FGG/TRGC2/IL1RL1/IL31RA/CLEC12B/LAG3/CRLF1/CTSK/GRIA2/CD248/BTNL8/SCUBE1/CD226/KLRK1/KLRC4-KLRK1/PKHD1/KLRC4/SLC38A1/CXCR2/IL2RB/LRP2/TNFRSF11A/ULBP2/KLRC3/RTBDN/CXCR1/TMC1/BTNL3/GP2/SLC1A1/CHRFAM7A/SLC4A3/ABCG2/TRGC1/FCGR2B/NCAM1/CD163/IL5RA/ENOX1/ST14/PDGFRA/ITGB6/C17orf99/TNFRSF18/TRGV8/ULBP1/CCR6/CD200R1L/SELP/EPHA5/IL13RA2/CHRNA4/CLEC4C/VTCN1/CD1A/MUC16/CRLF2/UMODL1",104,48,56,"DOWN"
"GO:0000793","condensed chromosome","79/3383","285/19880",0.27719298245614,1.62890821496544,4.84264732951787,3.7965988707635e-06,8.7845442837321e-05,7.45539016001109e-05,"CENPF/CCNB1/NUF2/TOP2A/BIRC5/NEK2/CENPI/BUB1B/SPC24/CDC20/NDC80/MKI67/NCAPG/HJURP/KIF2C/BUB1/CENPL/SKA1/CENPA/NCAPH/KIF18A/TTK/ZWINT/CENPW/AURKB/SGO2/NCAPG2/CENPM/SPC25/AURKA/SKA3/SPDL1/CDT1/PLK1/FANCD2/MAD2L1/MTBP/CHEK1/CENPE/H2AX/SGO1/INCENP/TUBG1/CENPH/HMGB2/NSMCE2/CENPU/SMC4/BLM/ERCC6L/CENPK/RAD51/DSN1/ZWILCH/KNTC1/NCAPD2/KNSTRN/RAD21/KNL1/SPAG5/RRS1/BRCA1/CENPQ/ITGB3BP/DYNC1I1/SMC1B/P3H4/DMC1/TUBA1A/TEX11/FAM9B/KASH5/CDX2/RNF212/MSH4/BANF2/PLK5/MEIKIN/FAM9A",79,77,2,"UP"
"GO:0042555","MCM complex","9/3383","11/19880",0.818181818181818,4.80799720527773,5.72072059848394,4.68370412336113e-06,0.000104758848892511,8.89082080960832e-05,"MCM4/MCM3/MCM2/MCM6/MCM8/MCM7/MMS22L/TONSL/MCM5",9,9,0,"UP"
"GO:1902710","GABA receptor complex","13/3383","21/19880",0.619047619047619,3.63779682727362,5.47668899800957,5.10994291301029e-06,0.000110605538536448,9.38702586057238e-05,"GABRD/GABRQ/GABRE/GABRA3/GABRA2/GABRR3/GABBR2/GABRR1/GABRB1/GABRA5/GABRB2/GABRG3/GABRG2",13,12,1,"UP"
"GO:0031093","platelet alpha granule lumen","27/3383","67/19880",0.402985074626866,2.36811802648007,5.07962468910392,5.43231145810568e-06,0.000113908780887153,9.6673700619578e-05,"ALB/SERPING1/PDGFA/IGF1/ALDOA/PDGFB/ACTN2/A2M/SERPINF2/FGB/SPARC/EGF/F13A1/PLG/HGF/VWF/FGA/FGG/ORM2/PPBP/A1BG/ORM1/TGFB2/MMRN1/VEGFD/HRG/PF4",27,10,17,"DOWN"
"GO:0031091","platelet alpha granule","33/3383","91/19880",0.362637362637363,2.13101707633189,4.89692793133298,7.94498220081103e-06,0.000161547971416491,0.000137104796511603,"CD109/ALB/SERPING1/PDGFA/IGF1/ALDOA/PDGFB/ACTN2/A2M/SERPINF2/FGB/SPARC/EGF/LHFPL2/SERPINE2/F13A1/PLG/HGF/VWF/FGA/FGG/ORM2/PPBP/A1BG/ORM1/TGFB2/MMRN1/VEGFD/THBS2/TREML1/SELP/HRG/PF4",33,15,18,"DOWN"
"GO:1902711","GABA-A receptor complex","12/3383","19/19880",0.631578947368421,3.71143643916175,5.35453117672001,8.91146641777433e-06,0.000166485502629411,0.000141295249701955,"GABRD/GABRQ/GABRE/GABRA3/GABRA2/GABRR3/GABRR1/GABRB1/GABRA5/GABRB2/GABRG3/GABRG2",12,11,1,"UP"
"GO:0034358","plasma lipoprotein particle","18/3383","37/19880",0.486486486486487,2.85880914908405,5.12481008321206,8.93215811424559e-06,0.000166485502629411,0.000141295249701955,"LCAT/CETP/LPL/APOF/LPA/HPR/SAA4/APOA5/APOA1/LIPC/LDLR/VLDLR/APOH/APOC3/PON1/SAA2/APOC4/SAA1",18,2,16,"DOWN"
"GO:1990777","lipoprotein particle","18/3383","37/19880",0.486486486486487,2.85880914908405,5.12481008321206,8.93215811424559e-06,0.000166485502629411,0.000141295249701955,"LCAT/CETP/LPL/APOF/LPA/HPR/SAA4/APOA5/APOA1/LIPC/LDLR/VLDLR/APOH/APOC3/PON1/SAA2/APOC4/SAA1",18,2,16,"DOWN"
"GO:0099572","postsynaptic specialization","101/3383","396/19880",0.255050505050505,1.4987892522625,4.54016250714068,1.06132114856115e-05,0.000192472024509333,0.000163349855297747,"CAP2/AURKA/CPEB3/DNAJC6/MAPK8IP2/NRCAM/FBXO45/RUSC1/DLG5/FABP5/ELFN2/ASIC1/DBN1/NETO2/GPHN/CACNG4/CSMD2/SLC6A9/GPR158/DGKI/SPOCK1/EFNB3/FAM81A/DRP2/NGFR/DAGLA/PLPPR4/ACTN2/ADGRA1/ADGRB3/CAMK2B/PRR7/KCND3/LRP4/ANKS1B/CHRNA1/LRP8/SYN3/ADAM22/LRRC4/DLG2/SEMA4F/BRSK1/TIAM1/GAP43/CHRNA3/MAP1B/LRRTM3/LZTS1/CHRNB4/LHFPL4/CTNND2/GRIA2/GABRA2/ADCY1/NCS1/SH2D5/GRIN1/MPP2/PPP1R9A/CHRFAM7A/LRRC4C/GRIK4/BAALC/INSYN1/GRM5/CHRND/PAK3/TMEM108/GRIN2D/CACNG8/DCLK1/SORCS3/SLITRK5/GRIN2B/LRFN2/GRIK2/GRIA4/GRIK3/OPRD1/SYN2/LRFN5/GRIN2A/ADCY8/GABRB1/NEGR1/DLGAP2/KCNK2/NLGN1/NOS1/GABRA5/DCC/LRRTM1/SLC8A2/SYNDIG1/GABRB2/NETO1/GABRG2/SLITRK3/GRID2/SH3GL3",101,79,22,"UP"
"GO:0042734","presynaptic membrane","54/3383","181/19880",0.298342541436464,1.75319235109575,4.60965982002218,1.33752366904876e-05,0.000236178521560979,0.000200443297771573,"DNAJC6/FBXO45/PDE2A/GPM6A/UNC13A/SLC6A9/GPR158/GNAO1/EFNB3/NECTIN1/ADAM23/RIMS2/SYP/PCDH17/ERC2/HTR2A/EPHB2/ADGRL1/APBA1/IL31RA/KCNC1/CNR1/SLC5A7/KCNJ11/KCNJ8/NRXN3/HTR1B/CHRM2/SNAP25/CHRFAM7A/GRIK4/CDH9/SLC6A2/ABCC8/GRIN2D/KCNA3/CACNA2D3/ADORA1/GRIK2/CPLX3/SLC1A2/GRIK3/GABRR1/DRD1/CNTNAP4/OPRD1/GRIN2A/ADCY8/GABRB1/NRXN1/GABRA5/OTOF/CHRNA6/SNAP91",54,38,16,"UP"
"GO:0005796","Golgi lumen","36/3383","106/19880",0.339622641509434,1.99577242483226,4.65491271416263,1.71240236992503e-05,0.000294621023133255,0.000250043099090267,"GPC3/MMP11/CSPG5/BCAN/ACAN/MMP14/PDGFA/CSPG4/PDGFB/GPC2/MUC15/VCAN/MUC13/INS/PROZ/ZG16/F9/PCSK5/PODXL2/WNT3A/MUC1/MUC5B/DCN/DEFA1B/DEFA1/DEFA3/MUC6/WNT5A/WNT7A/GPC5/MUC19/CGA/FGF23/WNT6/MUC16/MUCL1",36,24,12,"UP"
"GO:0034705","potassium channel complex","34/3383","100/19880",0.34,1.99798994974874,4.53063215200008,2.82487259690599e-05,0.000462640729079011,0.000392640417964931,"LRRC55/KCNE5/KCNJ5/KCNF1/STX1A/KCND3/KCNE3/DLG2/KCNH4/LRRC26/KCNQ3/ABCC9/HCN2/KCNH2/KCNE1/KCNC1/KCNJ11/KCNJ8/SNAP25/KCNJ6/GRIK4/ABCC8/KCNA3/KCNJ16/KCNN1/GRIK2/KCNG3/GRIK3/KCNE4/KCNK2/KCNG1/KCNH5/LRRC52/KCNV1",34,25,9,"UP"
"GO:0032279","asymmetric synapse","95/3383","376/19880",0.252659574468085,1.48473908969126,4.29720329250572,2.84618259295579e-05,0.000462640729079011,0.000392640417964931,"CAP2/AURKA/CPEB3/DNAJC6/C1QL1/MAPK8IP2/NRCAM/PLXNC1/FBXO45/RUSC1/DLG5/FABP5/ELFN2/ASIC1/DBN1/NETO2/GPHN/CACNG4/CSMD2/SLC6A9/SORT1/GPR158/DGKI/SPOCK1/EFNB3/FAM81A/DRP2/NGFR/DAGLA/PLPPR4/ACTN2/ADGRA1/ADGRB3/CAMK2B/PRR7/LRP4/ANKS1B/LRP8/SYN3/ADAM22/LRRC4/DLG2/SEMA4F/BRSK1/TIAM1/GAP43/CHRNA3/MAP1B/LRRTM3/LZTS1/CTNND2/GRIA2/ADCY1/NCS1/CHRM2/SH2D5/GRIN1/MPP2/PPP1R9A/SLC1A1/LRRC4C/GRIK4/BAALC/INSYN1/GRM5/PAK3/TMEM108/GRIN2D/CACNG8/DCLK1/SORCS3/SLITRK5/ADORA1/GRIN2B/LRFN2/GRIK2/GRIA4/GRIK3/OPRD1/SYN2/LRFN5/GRIN2A/ADCY8/NEGR1/DLGAP2/KCNK2/NLGN1/NOS1/DCC/SLC8A2/SYNDIG1/NETO1/SLITRK3/GRID2/SH3GL3",95,74,21,"UP"
"GO:1902495","transmembrane transporter complex","120/3383","498/19880",0.240963855421687,1.41600988642717,4.25759950799227,2.89581380347518e-05,0.000462640729079011,0.000392640417964931,"GABRD/NDUFA4L2/SLC26A6/ATP6V1C1/SESTD1/LRRC55/TRPC6/CLIC1/PACC1/KCNE5/KCNJ5/ATP6V0D2/CACNG4/ASPH/CLCNKA/GABRQ/KCNU1/CHRNA5/SCN4A/COX4I2/GABRE/KCNF1/STX1A/CACNA1E/KCND3/KCNE3/C15orf48/CHRNA1/CACNB2/COX7B2/DLG2/ANO2/KCNK17/GABRA3/KCNH4/FXYD1/ATP1B3/CHRNA3/LRRC26/KCNQ3/KCNH6/CHRNB4/ABCC9/HCN2/CACNB4/KCNH2/KCNE1/KCNC1/ATP6V1B1/GRIA2/GABRA2/KCNJ11/CNGA1/KCNJ8/GABRR3/SNAP25/GRIN1/CLCNKB/CATSPER1/CLCN1/KCNJ6/CLDN4/SCN4B/CHRFAM7A/CACNA1G/KCNJ10/CATSPERZ/S100A9/SLC17A8/TRPC7/HTR3B/GRIK4/CHRND/CLIC5/CACNA1I/RYR2/ATP1A4/ABCC8/GRIN2D/CACNG8/CHRNA7/KCNA3/CFTR/CACNA2D3/KCNJ15/KCNJ16/KCNN1/GRIN2B/GRIK2/TRPV5/KCNG3/GRIA4/SCN7A/GRIK3/GABRR1/ATP4A/KCNE4/CASQ2/GRIN2A/TRPM5/CHRNA4/GABRB1/KCNK2/GABRA5/OLFM3/CACNA1S/CLIC6/GLRA3/HTR3A/CHRNA6/GABRB2/KCNG1/GABRG3/KCNH5/LRRC52/CNGB3/GABRG2/KCNV1/BEST3/GRID2",120,98,22,"UP"
"GO:0032994","protein-lipid complex","18/3383","40/19880",0.45,2.64439846290275,4.71424340795983,3.41318301504972e-05,0.00053261530304613,0.000452027420108175,"LCAT/CETP/LPL/APOF/LPA/HPR/SAA4/APOA5/APOA1/LIPC/LDLR/VLDLR/APOH/APOC3/PON1/SAA2/APOC4/SAA1",18,2,16,"DOWN"
"GO:0034364","high-density lipoprotein particle","14/3383","27/19880",0.518518518518518,3.04704349634885,4.81994031185695,3.61107236345932e-05,0.000550688535427547,0.000467366064265908,"LCAT/CETP/APOF/HPR/SAA4/APOA5/APOA1/LIPC/APOH/APOC3/PON1/SAA2/APOC4/SAA1",14,0,14,"DOWN"
"GO:0032589","neuron projection membrane","24/3383","63/19880",0.380952380952381,2.23864420139915,4.45906365848719,5.3149021636884e-05,0.000792510967074426,0.000672599314749807,"MAPT/THY1/DAGLA/GABRE/SGCE/GABRA3/KCNC1/GABRA2/HPCA/KCNJ11/MPP2/CHRFAM7A/PKHD1L1/ROBO2/USH2A/ADORA1/DDN/SLC1A2/OPRD1/ANK1/GABRA5/GABRG3/GABRG2/TACR3",24,20,4,"UP"
"GO:0098982","GABA-ergic synapse","35/3383","108/19880",0.324074074074074,1.90440218521803,4.26770074219473,6.74658029492067e-05,0.000984120734324298,0.000835217377471872,"ENAH/GABRD/NXPH4/CDH13/CSPG5/PLCB1/GAD1/GNAO1/PCDH17/ERC2/KCND3/GAP43/NPY5R/LHFPL4/GABRA2/CNR1/GABRR3/SLC4A10/INSYN1/SLC6A17/SLITRK2/CACNA2D3/GABRR1/DRD1/LRFN5/GABRB1/NRXN1/NLGN1/FGF7/GABRA5/LRRTM1/GABRB2/GABRG3/GABRG2/SLITRK3",35,25,10,"UP"
"GO:0031838","haptoglobin-hemoglobin complex","8/3383","11/19880",0.727272727272727,4.2737752935802,4.9181637346885,7.06102381378788e-05,0.00100807382533014,0.000855546222454477,"HP/HBA1/HBA2/HBB/HBD/HBG1/HBG2/HBE1",8,1,7,"DOWN"
"GO:0044304","main axon","26/3383","73/19880",0.356164383561644,2.09297899651359,4.23652403014895,9.96947232442451e-05,0.00139364915201851,0.00118278169463019,"CRHBP/MAPT/THY1/NRCAM/TUBB4A/SPOCK1/MAP2/DAGLA/TRIM46/DLG2/TIAM1/KCNQ3/MAP1B/ANK3/MAP1A/KCNC1/KCNJ11/LGI1/LGI3/CHRFAM7A/ROBO2/ADORA1/SLC1A2/ANK1/KCNK2/MAG",26,19,7,"UP"
"GO:0014069","postsynaptic density","89/3383","360/19880",0.247222222222222,1.45278680986633,3.92600536914469,0.000115274753923454,0.00157213349090639,0.00133426028485427,"CAP2/AURKA/CPEB3/DNAJC6/MAPK8IP2/NRCAM/FBXO45/RUSC1/DLG5/FABP5/ELFN2/ASIC1/DBN1/NETO2/GPHN/CACNG4/CSMD2/SLC6A9/GPR158/DGKI/SPOCK1/EFNB3/FAM81A/DRP2/NGFR/DAGLA/PLPPR4/ACTN2/ADGRA1/ADGRB3/CAMK2B/PRR7/LRP4/ANKS1B/LRP8/SYN3/ADAM22/LRRC4/DLG2/SEMA4F/BRSK1/TIAM1/GAP43/CHRNA3/MAP1B/LRRTM3/LZTS1/CTNND2/GRIA2/ADCY1/NCS1/SH2D5/GRIN1/MPP2/PPP1R9A/LRRC4C/GRIK4/BAALC/INSYN1/GRM5/PAK3/TMEM108/GRIN2D/CACNG8/DCLK1/SORCS3/SLITRK5/GRIN2B/LRFN2/GRIK2/GRIA4/GRIK3/OPRD1/SYN2/LRFN5/GRIN2A/ADCY8/NEGR1/DLGAP2/KCNK2/NLGN1/NOS1/DCC/SLC8A2/SYNDIG1/NETO1/SLITRK3/GRID2/SH3GL3",89,70,19,"UP"
"GO:0098984","neuron to neuron synapse","100/3383","414/19880",0.241545893719807,1.41943020016251,3.90541587499697,0.000117148546267242,0.00157213349090639,0.00133426028485427,"CAP2/AURKA/CPEB3/DNAJC6/C1QL1/MAPK8IP2/NRCAM/PLXNC1/FBXO45/RUSC1/YWHAZ/DLG5/SYT9/FABP5/ELFN2/ASIC1/DBN1/NETO2/GPHN/CACNG4/CSMD2/SLC6A9/SORT1/GPR158/DGKI/SPOCK1/EFNB3/FAM81A/NECTIN1/DRP2/NGFR/DAGLA/PLPPR4/ACTN2/ADGRA1/ADGRB3/CAMK2B/PRR7/SLC30A3/LRP4/ANKS1B/LRP8/SYN3/ADAM22/LRRC4/DLG2/EPHB2/SEMA4F/BRSK1/TIAM1/GAP43/CHRNA3/MAP1B/LRRTM3/LZTS1/CTNND2/GRIA2/ADCY1/NCS1/CHRM2/SH2D5/GRIN1/MPP2/PPP1R9A/SLC1A1/LRRC4C/GRIK4/BAALC/INSYN1/GRM5/PAK3/TMEM108/GRIN2D/CACNG8/DCLK1/SORCS3/SLITRK5/ADORA1/GRIN2B/LRFN2/GRIK2/GRIA4/GRIK3/OPRD1/SYN2/LRFN5/GRIN2A/ADCY8/NEGR1/DLGAP2/KCNK2/NLGN1/NOS1/DCC/SLC8A2/SYNDIG1/NETO1/SLITRK3/GRID2/SH3GL3",100,78,22,"UP"
"GO:0005583","fibrillar collagen trimer","8/3383","12/19880",0.666666666666667,3.91762735244852,4.57814082634627,0.000180066401209544,0.00232354913868469,0.00197198224806403,"COL2A1/COL11A1/COL1A1/COL5A2/COL1A2/COL3A1/COL5A1/COL5A3",8,8,0,"UP"
"GO:0098643","banded collagen fibril","8/3383","12/19880",0.666666666666667,3.91762735244852,4.57814082634627,0.000180066401209544,0.00232354913868469,0.00197198224806403,"COL2A1/COL11A1/COL1A1/COL5A2/COL1A2/COL3A1/COL5A1/COL5A3",8,8,0,"UP"
"GO:0030673","axolemma","9/3383","15/19880",0.6,3.52586461720367,4.43156570354163,0.000220580522305512,0.00279263265032073,0.00237009061702646,"MAPT/THY1/KCNC1/KCNJ11/CHRFAM7A/ROBO2/ADORA1/SLC1A2/ANK1",9,8,1,"UP"
"GO:0034703","cation channel complex","59/3383","223/19880",0.26457399103139,1.55475345601656,3.77258998702586,0.000241877571263059,0.00300038709336071,0.00254641056946921,"SESTD1/LRRC55/TRPC6/KCNE5/KCNJ5/CACNG4/ASPH/SCN4A/KCNF1/STX1A/CACNA1E/KCND3/KCNE3/CACNB2/DLG2/KCNH4/LRRC26/KCNQ3/ABCC9/HCN2/CACNB4/KCNH2/KCNE1/KCNC1/KCNJ11/CNGA1/KCNJ8/SNAP25/CATSPER1/KCNJ6/SCN4B/CACNA1G/CATSPERZ/TRPC7/HTR3B/GRIK4/CACNA1I/RYR2/ABCC8/CACNG8/KCNA3/CACNA2D3/KCNJ16/KCNN1/GRIK2/TRPV5/KCNG3/SCN7A/GRIK3/KCNE4/CASQ2/KCNK2/CACNA1S/HTR3A/KCNG1/KCNH5/LRRC52/CNGB3/KCNV1",59,47,12,"UP"
"GO:0000779","condensed chromosome, centromeric region","51/3383","186/19880",0.274193548387097,1.61128221753931,3.79294937389369,0.000245933368308255,0.00300038709336071,0.00254641056946921,"CENPF/CCNB1/NUF2/BIRC5/NEK2/CENPI/BUB1B/SPC24/CDC20/NDC80/NCAPG/HJURP/KIF2C/BUB1/CENPL/SKA1/CENPA/KIF18A/TTK/ZWINT/CENPW/AURKB/SGO2/CENPM/SPC25/AURKA/SKA3/SPDL1/CDT1/PLK1/MAD2L1/MTBP/CENPE/SGO1/INCENP/CENPH/CENPU/ERCC6L/CENPK/DSN1/ZWILCH/KNTC1/NCAPD2/KNSTRN/KNL1/SPAG5/CENPQ/ITGB3BP/DYNC1I1/PLK5/MEIKIN",51,51,0,"UP"
"GO:0034774","secretory granule lumen","80/3383","324/19880",0.246913580246914,1.45097309349945,3.70620041718161,0.00025878223269254,0.0031007656810124,0.00263160127606511,"ILF2/CFP/ACLY/ECM1/S100P/PYGB/NEU1/HSP90AB1/CDC37L1/ANXA2/ACAA1/DSN1/CTSA/SERPINI1/PKM/LYZ/FABP5/GLA/LCN2/CSTB/NME2/DBH/CAT/PLAC8/ALB/SERPING1/PDGFA/HP/VAT1/ITIH4/IGF1/ALDOA/PDGFB/ACTN2/A2M/INS/AGL/SERPINF2/TTR/FGB/SPARC/CHIT1/EGF/F13A1/PLG/HGF/APOA1/VWF/CDA/FGA/APOH/FGG/ORM2/PPBP/SERPINA4/A1BG/QPCT/ORM1/CLEC3B/TGFB2/MMRN1/S100A11/HK3/VEGFD/RNASE2/SPP2/S100A9/TF/DEFA1B/DEFA1/ARG1/DEFA3/PTX3/S100A12/HRG/PF4/CHI3L1/OLFM4/RETN/TCN1",80,37,43,"DOWN"
"GO:0000776","kinetochore","48/3383","174/19880",0.275862068965517,1.62108718032352,3.72626492596388,0.000316160921342563,0.00372182417931333,0.00315868990667269,"CENPF/CCNB1/NUF2/BIRC5/NEK2/CENPI/BUB1B/SPC24/CDC20/NDC80/HJURP/KIF2C/BUB1/CENPL/SKA1/KIF18A/TTK/ZWINT/CENPW/AURKB/SGO2/CENPM/SPC25/AURKA/SKA3/SPDL1/CDT1/PLK1/MAD2L1/MTBP/CENPE/SGO1/INCENP/CENPH/CENPU/ERCC6L/CENPK/DSN1/ZWILCH/KNTC1/KNSTRN/KNL1/SPAG5/CENPQ/ITGB3BP/DYNC1I1/PLK5/MEIKIN",48,48,0,"UP"
"GO:0060205","cytoplasmic vesicle lumen","80/3383","329/19880",0.243161094224924,1.42892183068031,3.55252702659796,0.000429975584669711,0.00497437271229959,0.00422172035038682,"ILF2/CFP/ACLY/ECM1/S100P/PYGB/NEU1/HSP90AB1/CDC37L1/ANXA2/ACAA1/DSN1/CTSA/SERPINI1/PKM/LYZ/FABP5/GLA/LCN2/CSTB/NME2/DBH/CAT/PLAC8/ALB/SERPING1/PDGFA/HP/VAT1/ITIH4/IGF1/ALDOA/PDGFB/ACTN2/A2M/INS/AGL/SERPINF2/TTR/FGB/SPARC/CHIT1/EGF/F13A1/PLG/HGF/APOA1/VWF/CDA/FGA/APOH/FGG/ORM2/PPBP/SERPINA4/A1BG/QPCT/ORM1/CLEC3B/TGFB2/MMRN1/S100A11/HK3/VEGFD/RNASE2/SPP2/S100A9/TF/DEFA1B/DEFA1/ARG1/DEFA3/PTX3/S100A12/HRG/PF4/CHI3L1/OLFM4/RETN/TCN1",80,37,43,"DOWN"
"GO:0044306","neuron projection terminus","38/3383","131/19880",0.290076335877863,1.70461648159974,3.66405234123366,0.000442716579695338,0.00503496313517919,0.00427314307966419,"CRHBP/GCH1/UCHL1/TH/CPLX2/SNCG/UNC13A/GAD1/ITGA2/SCGN/LRRK2/DMD/SYP/NTS/CABP4/PTPRN/CRHR2/PACSIN1/KCNC1/HTR1B/CHRM2/GRIN1/SLC6A3/SLC1A1/SLC4A10/SLC17A8/OXT/KCNA3/USH2A/ADORA1/CPLX3/SLC1A2/GRIK3/OPRD1/CDH8/KCNK2/SLC8A2/NMU",38,23,15,"UP"
"GO:0031983","vesicle lumen","80/3383","330/19880",0.242424242424242,1.42459176452673,3.52209392974874,0.000474563034125801,0.00530719659830688,0.00450418599056243,"ILF2/CFP/ACLY/ECM1/S100P/PYGB/NEU1/HSP90AB1/CDC37L1/ANXA2/ACAA1/DSN1/CTSA/SERPINI1/PKM/LYZ/FABP5/GLA/LCN2/CSTB/NME2/DBH/CAT/PLAC8/ALB/SERPING1/PDGFA/HP/VAT1/ITIH4/IGF1/ALDOA/PDGFB/ACTN2/A2M/INS/AGL/SERPINF2/TTR/FGB/SPARC/CHIT1/EGF/F13A1/PLG/HGF/APOA1/VWF/CDA/FGA/APOH/FGG/ORM2/PPBP/SERPINA4/A1BG/QPCT/ORM1/CLEC3B/TGFB2/MMRN1/S100A11/HK3/VEGFD/RNASE2/SPP2/S100A9/TF/DEFA1B/DEFA1/ARG1/DEFA3/PTX3/S100A12/HRG/PF4/CHI3L1/OLFM4/RETN/TCN1",80,37,43,"DOWN"
"GO:0043679","axon terminus","34/3383","115/19880",0.295652173913043,1.73738256499891,3.59119637595416,0.000592014218251229,0.00641917598069061,0.00544791623743606,"CRHBP/TH/CPLX2/SNCG/UNC13A/GAD1/ITGA2/SCGN/LRRK2/SYP/NTS/CABP4/PTPRN/CRHR2/PACSIN1/KCNC1/HTR1B/CHRM2/GRIN1/SLC6A3/SLC1A1/SLC4A10/SLC17A8/OXT/KCNA3/USH2A/ADORA1/CPLX3/GRIK3/OPRD1/CDH8/KCNK2/SLC8A2/NMU",34,22,12,"UP"
"GO:0008076","voltage-gated potassium channel complex","28/3383","89/19880",0.314606741573034,1.84876796407683,3.63409178261343,0.000593128033983335,0.00641917598069061,0.00544791623743606,"LRRC55/KCNE5/KCNJ5/KCNF1/STX1A/KCND3/KCNE3/DLG2/KCNH4/LRRC26/KCNQ3/HCN2/KCNH2/KCNE1/KCNC1/KCNJ8/SNAP25/KCNJ6/KCNA3/KCNJ16/KCNN1/KCNG3/KCNE4/KCNK2/KCNG1/KCNH5/LRRC52/KCNV1",28,21,7,"UP"
"GO:0000794","condensed nuclear chromosome","26/3383","81/19880",0.320987654320988,1.88626502154929,3.6193473908328,0.000652587358016723,0.00695057328935271,0.00589890995299995,"NEK2/NCAPG/NCAPH/NCAPG2/PLK1/CHEK1/H2AX/INCENP/TUBG1/SMC4/BLM/RAD51/NCAPD2/RAD21/RRS1/BRCA1/SMC1B/P3H4/DMC1/TEX11/FAM9B/KASH5/CDX2/RNF212/MSH4/FAM9A",26,24,2,"UP"
"GO:0005892","acetylcholine-gated channel complex","9/3383","17/19880",0.529411764705882,3.1110570151797,3.94319069920722,0.000772419178100837,0.00809833232040096,0.00687300617356172,"CHRNA5/CHRNA1/CHRNA3/CHRNB4/CHRFAM7A/CHRND/CHRNA7/CHRNA4/CHRNA6",9,8,1,"UP"
"GO:0016342","catenin complex","13/3383","31/19880",0.419354838709677,2.464313979766,3.69480496199872,0.000956256689571617,0.00987151136465469,0.00837789261632785,"CDH13/CDH24/CTNNA2/CDH12/CDH11/CDH19/CDH10/CDH9/CDH17/CDH8/CDH3/CDH18/CDH7",13,12,1,"UP"
"GO:0045171","intercellular bridge","28/3383","92/19880",0.304347826086957,1.78848205220476,3.43265813642985,0.00105956427525067,0.0107722367983818,0.00914233290128567,"KIF20A/PRC1/CDCA8/SKA1/TPX2/CDC6/CEP55/CENPE/CD34/FAM83D/CDC7/JPT1/TRIM45/TUBB4A/FLNC/TUBB3/TUBB2B/TUBB2A/NUPR1/ACOT12/MTUS2/HSD3B2/GSTM2/GSTM5/HSD3B1/GSTM1/OLFM4/KCNV1",28,22,6,"UP"
"GO:1904724","tertiary granule lumen","19/3383","55/19880",0.345454545454545,2.0300432644506,3.46398491332398,0.00126536261308712,0.0126725121400217,0.0107550852109997,"ILF2/CFP/MMP9/LYZ/CSTB/PGM1/HP/ALDOA/HBB/CHIT1/CDA/PPBP/QPCT/ORM1/TNFAIP6/PRSS3/PTX3/OLFM4/TCN1",19,11,8,"UP"
"GO:0005833","hemoglobin complex","7/3383","12/19880",0.583333333333333,3.42792393339245,3.80973179230686,0.00146342694448512,0.0144405805845517,0.0122556343183661,"HBA1/HBA2/HBB/HBD/HBG1/HBG2/HBE1",7,1,6,"DOWN"
"GO:0000939","inner kinetochore","9/3383","19/19880",0.473684210526316,2.78357732937131,3.52219962757533,0.00211939408492335,0.020610339579472,0.0174918718526855,"CENPI/CENPL/CENPW/CENPM/CENPH/CENPU/CENPK/CENPQ/ITGB3BP",9,9,0,"UP"
"GO:0150034","distal axon","66/3383","277/19880",0.23826714801444,1.40016284437691,3.03711442494329,0.00222526986394099,0.0213308011243486,0.0181033232540161,"CRHBP/IGF2BP1/MAPT/NDRG2/THY1/HSP90AB1/TH/CPLX2/GPM6A/DBN1/SNCG/UNC13A/GAD1/TUBB3/ITGA2/GPRIN1/INPP5J/MAP2/ANG/NECTIN1/NGFR/SCGN/LRRK2/SYP/DSCAM/NTS/ERC2/FEZ1/CABP4/FGF13/PTPRN/CRHR2/BRSK1/TIAM1/TRPV4/GAP43/ADGRL1/MAP1B/PACSIN1/KCNC1/CNR1/PCDH9/HTR1B/CHRM2/SNAP25/GRIN1/SLC6A3/SLC1A1/SLC4A10/SLC17A8/ZNF804A/RASGRF1/OXT/KCNA3/USH2A/ADORA1/CPLX3/GRIK3/OPRD1/CDH8/NRXN1/KCNK2/LRRTM1/SLC8A2/NMU/STMN2",66,43,23,"UP"
"GO:0030672","synaptic vesicle membrane","38/3383","143/19880",0.265734265734266,1.56157174188507,3.05195743865411,0.00261001019505939,0.0239906416559569,0.0203607139946234,"ATP6V1C1/RAB3B/SYT9/SLC9B2/UNC13A/SLC6A9/WFS1/DGKI/LRRK2/STX1A/SYP/SLC30A3/SYN3/SV2C/FER1L5/RAB3C/ATP6V1B1/GABRA2/SLC5A7/MCTP1/SYT5/SCAMP5/SLC17A8/SYT8/TMEM163/SYT6/SLC6A2/SLC6A17/ABCC8/TAFA4/CPLX3/OPRD1/SYN2/SYNGR3/SYNGR4/SV2B/OTOF/SYNDIG1",38,32,6,"UP"
"GO:0042383","sarcolemma","38/3383","143/19880",0.265734265734266,1.56157174188507,3.05195743865411,0.00261001019505939,0.0239906416559569,0.0203607139946234,"SLC2A5/ANXA2/FLNC/SLC38A2/BSG/CACNG4/SLC2A1/CAVIN4/DTNA/CIB2/SRI/POPDC3/DMD/SGCE/KCND3/CACNB2/FGF13/AHNAK2/FXYD1/ANK3/ABCC9/KCNJ11/KCNJ8/CLCN1/COL6A3/RYR2/ABCC8/CACNG8/SGCA/DES/MLIP/ANK1/KCNK2/NOS1/CACNA1S/TRIM72/SLC8A2/STAC2",38,26,12,"UP"
"GO:0099501","exocytic vesicle membrane","38/3383","143/19880",0.265734265734266,1.56157174188507,3.05195743865411,0.00261001019505939,0.0239906416559569,0.0203607139946234,"ATP6V1C1/RAB3B/SYT9/SLC9B2/UNC13A/SLC6A9/WFS1/DGKI/LRRK2/STX1A/SYP/SLC30A3/SYN3/SV2C/FER1L5/RAB3C/ATP6V1B1/GABRA2/SLC5A7/MCTP1/SYT5/SCAMP5/SLC17A8/SYT8/TMEM163/SYT6/SLC6A2/SLC6A17/ABCC8/TAFA4/CPLX3/OPRD1/SYN2/SYNGR3/SYNGR4/SV2B/OTOF/SYNDIG1",38,32,6,"UP"
"GO:0014701","junctional sarcoplasmic reticulum membrane","6/3383","10/19880",0.6,3.52586461720367,3.61790296252399,0.00271690908636866,0.0246357567155861,0.0209082192848569,"ASPH/JPH1/RYR2/JPH2/CASQ2/TRDN",6,6,0,"UP"
"GO:0032590","dendrite membrane","15/3383","42/19880",0.357142857142857,2.09872893881171,3.22784033405104,0.00275766187404836,0.024671881566486,0.0209388782296163,"THY1/DAGLA/GABRE/SGCE/GABRA3/KCNC1/GABRA2/HPCA/MPP2/DDN/OPRD1/GABRA5/GABRG3/GABRG2/TACR3",15,14,1,"UP"
"GO:0043197","dendritic spine","45/3383","178/19880",0.252808988764045,1.48561711399031,2.9470981917647,0.00324994928255124,0.0286936311656827,0.0243521130451554,"IGF2BP1/ITPKA/MAPT/KCNN2/GPM6A/GPHN/DGKI/SYNE1/NGFR/DAGLA/SEZ6/ACTN2/KCND3/ANKS1B/LRRC4/EPHB2/TIAM1/MAP1B/APBA1/LZTS1/GRIA2/HPCA/GRIN1/MPP2/PPP1R9A/SLC1A1/ZNF804A/PRKAR2B/FCGR2B/GRM5/ADORA1/DDN/MT3/GRIA4/DRD1/OPRD1/PDLIM4/GRIN2A/NLGN1/NOS1/SLC8A2/SYNDIG1/GABRB2/GABRG2/GRID2",45,31,14,"UP"
"GO:0032982","myosin filament","10/3383","24/19880",0.416666666666667,2.44851709528032,3.21535657724821,0.00388398996865051,0.0338461982982401,0.0287250659335601,"MYO18B/MYOM2/MYH4/ACTG2/MYBPC1/MYH13/MYH15/MYH1/MYH2/MYH8",10,9,1,"UP"
"GO:0044309","neuron spine","45/3383","180/19880",0.25,1.46911025716819,2.86301647398256,0.0040698357649909,0.0350110230552422,0.0297136457336043,"IGF2BP1/ITPKA/MAPT/KCNN2/GPM6A/GPHN/DGKI/SYNE1/NGFR/DAGLA/SEZ6/ACTN2/KCND3/ANKS1B/LRRC4/EPHB2/TIAM1/MAP1B/APBA1/LZTS1/GRIA2/HPCA/GRIN1/MPP2/PPP1R9A/SLC1A1/ZNF804A/PRKAR2B/FCGR2B/GRM5/ADORA1/DDN/MT3/GRIA4/DRD1/OPRD1/PDLIM4/GRIN2A/NLGN1/NOS1/SLC8A2/SYNDIG1/GABRB2/GABRG2/GRID2",45,31,14,"UP"
"GO:0000800","lateral element","7/3383","14/19880",0.5,2.93822051433639,3.28516938335544,0.0046221733369876,0.0380924606966156,0.0323288434181019,"INCENP/BLM/RAD51/BRCA1/SMC1B/DMC1/KASH5",7,7,0,"UP"
"GO:0031089","platelet dense granule lumen","7/3383","14/19880",0.5,2.93822051433639,3.28516938335544,0.0046221733369876,0.0380924606966156,0.0323288434181019,"ECM1/CDC37L1/ITIH4/APOH/SERPINA4/CLEC3B/SPP2",7,0,7,"DOWN"
"GO:0000795","synaptonemal complex","14/3383","40/19880",0.35,2.05675436003547,3.02955602794471,0.0046551144219411,0.0380924606966156,0.0323288434181019,"PLK1/INCENP/BLM/RAD51/BRCA1/SMC1B/P3H4/DMC1/TEX11/FAM9B/KASH5/RNF212/MSH4/FAM9A",14,12,2,"UP"
"GO:0099086","synaptonemal structure","14/3383","40/19880",0.35,2.05675436003547,3.02955602794471,0.0046551144219411,0.0380924606966156,0.0323288434181019,"PLK1/INCENP/BLM/RAD51/BRCA1/SMC1B/P3H4/DMC1/TEX11/FAM9B/KASH5/RNF212/MSH4/FAM9A",14,12,2,"UP"
"GO:0042827","platelet dense granule","9/3383","21/19880",0.428571428571429,2.51847472657405,3.15271204468737,0.00487717874214756,0.0394287582648315,0.0334629511667955,"ECM1/CDC37L1/ABCC4/ITIH4/APOH/SERPINA4/CLEC3B/SPP2/SELP",9,1,8,"DOWN"
"GO:0060076","excitatory synapse","21/3383","70/19880",0.3,1.76293230860183,2.89559999724654,0.00510651270588062,0.0407913098291178,0.0346193405248298,"C1QL1/PLXNC1/GPM6A/SLC6A9/SORT1/GNAO1/ADGRB3/SYP/SPTBN2/LRRC4/SUSD4/GRIA2/GRIN1/SLC17A8/CBLN1/ADCY8/NLGN1/LRRTM1/SYNDIG1/NETO1/GRID2",21,14,7,"UP"
"GO:0043083","synaptic cleft","10/3383","25/19880",0.4,2.35057641146911,3.05984901671336,0.00549885872608045,0.0434086377082351,0.0368406510316969,"C1QL1/ADGRB3/CBLN2/LGI1/GRIN1/SLC1A1/NPTX1/CDH8/CBLN1/NLGN1",10,6,4,"UP"
"GO:0030175","filopodium","29/3383","107/19880",0.271028037383178,1.59268027879916,2.78369635462914,0.00584334398641991,0.0455916722661368,0.0386933793959997,"ENAH/ITGA6/IGF2BP1/TM4SF19/GPM6A/PODXL/OSBPL3/TUBB3/MAP2/CD302/RAPH1/ACTN2/KITLG/DMD/MYO10/DNALI1/FGF13/TRPV4/SCIMP/GAP43/EPHB1/ACTG2/PDPN/SNAP25/VIL1/PPP1R9A/NLGN1/FZD9/MYO3A",29,19,10,"UP"
"GO:0097440","apical dendrite","8/3383","18/19880",0.444444444444444,2.61175156829901,3.09790891035146,0.00606131893937428,0.0467487931990821,0.0396754210066725,"CPEB3/OSBP2/MAP2/SEZ6/MAP1B/SLC1A1/SLC4A10/SLC17A8",8,4,4,"MIXED"
